	JS1	JS10	JS100	JS101	JS102	JS103	JS104	JS105	JS106	JS107	JS11	JS110	JS111	JS12	JS13	JS14	JS15	JS16	JS17	JS18	JS19	JS2	JS20	JS21	JS22	JS23	JS24	JS25	JS26	JS27	JS28	JS29	JS3	JS30	JS31	JS32	JS33	JS34	JS35	JS36	JS37	JS38	JS39	JS4	JS40	JS41	JS42	JS43	JS44	JS45	JS46	JS47	JS48	JS49	JS5	JS50	JS51	JS52	JS53	JS54	JS55	JS56	JS57	JS58	JS59	JS6	JS60	JS61	JS62	JS63	JS64	JS65	JS66	JS67	JS68	JS69	JS7	JS70	JS71	JS72	JS73	JS74	JS75	JS76	JS77	JS78	JS79	JS8	JS80	JS81	JS82	JS83	JS84	JS85	JS86	JS87	JS88	JS89	JS9	JS90	JS91	JS92	JS93	JS94	JS95	JS96	JS97	JS98	JS99
JS1	0.0	0.36021988031540925	2.2399600238286554	3.1667322910234867	3.4482377105601807	2.670730780599726	1.7128188258251296	1.0089799162535333	2.830867031406982	3.268585130342181	0.35839393216936477	1.2236400454276586	2.249933512050297	0.801542057955435	0.15124690953242084	0.9978496077846368	0.5406600314324447	0.7812263118226177	0.8533153820984951	1.3446970533115592	0.7874030213468068	0.3599483061212497	0.7851912420038609	1.186162500147065	0.50739609943455	0.3948386094070916	0.19494416247681343	0.33395999607671595	1.4054410470739511	0.7854215827182977	1.001864842576948	0.5279879248385827	0.8228667544801873	0.7002492164635292	0.44785462862967124	2.17590409424201	1.1135447208081735	1.3575980699236814	0.8087993882832019	0.6469526096536518	1.7641110133652227	1.062522746302817	1.3408771036911875	0.3279471930965013	1.7400705116871802	1.9141926973825276	1.9652466709701797	1.5509531774487593	0.4796355428386188	0.8408623826694124	0.7065505355724601	0.7532014635234001	0.7859337527457472	2.274391619469685	0.5322970229349706	1.9989104358120715	1.7587224090981548	2.480475592662369	1.3744158545155438	1.5938408150618109	1.807649823449339	1.0835155751240377	2.0278729499652344	2.5051233006454168	3.1153590552622914	1.6685238013065737	2.3363342649050023	1.7398352447143872	1.91578725654501	2.8642318730750764	2.383830809386884	2.288284827393836	1.308635828957283	1.7067179528068526	1.556459749946097	1.802645122443735	0.8105492618023439	2.581373801948018	2.7835105783652403	2.9590437317333924	3.015464877144741	3.263602786967	2.0556513297386636	2.9259400572284457	3.4388214085341766	3.0915912096498	2.768145502725322	1.76200523503721	3.331815650086488	2.542225690701255	1.8010871175789662	2.628431668612374	1.4976504618887672	2.3876813008454487	1.6211384684490449	2.243831269577556	2.959065692049596	2.7096522794668196	0.5571865337932682	2.5798143239731	2.1039490371102563	2.033804871782402	2.7178016301962673	2.9813113378643625	2.921643533095807	2.4989309550492105	2.951195393958219	1.6996568010523896	2.562661707120603
JS10	0.36021988031540925	0.0	2.4549186852949796	3.167255768200999	3.4905263285339245	2.7232039307280953	1.9436403394658408	0.6534272861322126	2.7922579429323227	3.2287939126829204	0.14488533021074024	0.9301549543856918	2.3136621271582354	1.1556967055216805	0.42178595283770737	1.347279746531291	0.9002891666392681	1.1238327359839544	1.1882372248859847	1.689547595774302	1.0681474766756858	0.48967745601483414	1.1095583297776077	1.5397118561505736	0.6106214487644505	0.6458775713939205	0.4149572043842916	0.24608853769625455	1.7533821923527184	1.136370447815358	1.3388326821182532	0.846360364792374	1.0842755413948881	0.37093108560209076	0.7089231837350497	1.8255614441728423	1.4338849600251646	1.7081062370977986	0.5709814726282884	0.9882545069447394	2.1114770714235593	1.4093639366410344	1.6961148585261818	0.26213082673563703	2.0890880146321584	2.2609207525914474	2.308597379179773	1.8888692190763772	0.7656239162932119	1.0458924199596493	0.9054630002417164	1.0209243838181221	1.052905055579513	2.627853111733165	0.1887609137321965	2.3538288261210965	2.0847681391754356	2.8154540046364676	1.6504723578910447	1.9008764790949435	2.1542414378395005	1.386344034550162	2.3295874472987914	2.834228722587877	3.4238365795220957	2.0157640149522695	2.657624479962555	2.0557006741538726	2.1671187485311165	3.2111345376410485	2.7112278994533896	2.53853575784779	1.5529105255518298	1.901874690026611	1.8035411943560877	2.1043390877508346	1.1654655657020387	2.752037569172493	3.0975756702843738	3.2195663546949675	3.231657140907851	3.5162381077554006	2.3891219997589856	2.9639888665653613	3.767395473125592	3.3859046630112566	3.016063474873669	2.1168207433446833	3.672594661015873	2.7877895103080705	1.91832305278336	2.8141791239601877	1.5456691966715372	2.660258235527441	1.717192438485582	2.43767056672942	3.303548949030594	2.7579277993369558	0.9143562486241797	2.8640083558641574	2.3490005906018245	2.339817476628125	2.703615372194605	3.326267718475896	2.916631181958007	2.5333356194723837	2.969839415697631	2.0202435996475425	2.8692111293433236
JS100	2.2399600238286554	2.4549186852949796	0.0	1.9239918171421033	1.8995666538697134	1.3145464061934053	0.5410626179650986	2.9082746880232535	1.9806007202505018	2.316105362432705	2.5450063479866634	2.8404492706002906	1.0961142883374313	1.7582171689110637	2.1042498265298013	2.0069268872461787	1.960462592637565	1.6678804864078964	1.8699680514585133	1.493641536204532	1.571869178065739	2.496116517610678	1.9878117799888437	1.8047990201006558	2.6326471378689456	2.124702064748563	2.242969693790427	2.5093068022226532	1.8637609715383168	1.8358490240725605	1.9547657264438147	2.1195461213648175	2.5486026162210873	2.602012301245548	2.1179389392063985	3.8773365925206034	1.3297210836308224	1.7321736893981892	2.4448095784915744	1.751638082484668	2.0280620936493015	1.932744854774793	1.7220096301504306	2.2015282020405103	1.9899866397963677	1.95884196075812	2.337593821317128	1.9276326500570151	1.9876483329083119	1.4336052853158132	1.896321560851185	1.5982060861832788	2.0150164970529865	1.9979190759746466	2.6180974246811584	1.8104136654942151	1.9797144191906253	1.8451027121959331	1.2340259615307454	1.047962084768877	1.7776468206133553	1.6071894932844446	0.8255211546197992	1.3389718079602109	1.557697157167309	2.26643733013936	1.4912982707963478	1.1352304792297585	0.4236354181651894	1.8774060339480023	1.2273265460145568	0.5573708866768706	0.940296129177592	0.5767466964360235	0.7261161918310843	0.8494300120471381	2.0745746001897327	0.5726491124318175	1.4459315541439108	0.9588305333234561	0.7932354418441994	1.1139957567741907	1.252109752994001	1.5136119758577353	2.1067940179284155	1.4053194100422337	0.7547219940544648	2.1017745370386156	2.232043936845022	0.4762334864884403	0.805860446413035	0.45595537833542876	1.2613766140153875	0.731861620460792	1.0539266101777711	0.4519347701949934	2.243248757416327	1.3805430409254893	2.034005621131903	0.9282409303902306	0.35834957423241687	0.9148088090318526	1.7399273126868273	2.215285153277959	1.8164404199886266	1.3366856591083758	1.6660206591557305	1.068861840733397	1.054360223018103
JS101	3.1667322910234867	3.167255768200999	1.9239918171421033	0.0	0.5026531055033265	0.6330672641319306	2.121947882814246	3.2817980243133587	0.5141108031763743	0.5864017499064682	3.3024196960438847	3.14631502251869	1.005674275973097	3.1364184665591304	3.024419491448189	3.488419995718305	3.202909101463986	3.011060505678693	3.2717820186826305	3.154323169507651	2.830246403960272	3.470298506479383	3.3396260612434534	3.387506889801676	3.631566972556492	3.1907784298131405	3.1447685190766084	3.333911293960486	3.5242704482983913	3.2193710761831476	3.427820792834348	3.333199388434875	3.8200774745358657	3.132313053635835	3.2217357838120497	3.815223555325026	2.8229047272652785	3.389298235393887	2.9483381254420675	3.031323451464742	3.7863289596694143	3.4465749580979734	3.3741825350024572	2.9329370928308034	3.747667285258562	3.763869021202913	4.1091402646467445	3.6170845915913863	3.1247269968377354	2.514557207680143	2.9939118387453134	2.8129911249262927	3.2766342095844396	3.8805184005904745	3.2459752800280217	3.656977167301371	3.7016360758521714	3.737716485327922	2.7784683461421236	2.794000201989936	3.5751659035760848	3.068649042845356	2.7241940278374464	3.2600684120799963	3.3643323043314646	3.9659215184072134	3.3728597127069353	2.9409365376585876	2.2435443840516403	3.7879138057771677	3.1317725647606243	2.2196654993514335	2.335956160469953	1.9721309635861732	2.3079210235409313	2.665503739141638	3.4593350206628237	1.6804930029733687	3.3221442652496207	2.6038111046557946	1.9926654256603953	2.521269678435612	3.143585432265053	0.4692208964497729	3.938075710354609	3.1632204647816	2.420775527196021	3.854954122505875	4.11745061955262	2.2677527140702036	1.5626832104230044	1.6945680320935665	1.7290245244262892	2.5994267791807038	1.7859292668146958	1.9399193841960278	4.158378433506799	0.5970890384803064	3.2730947053086163	2.7831837529376493	2.234317839024758	2.812944198590321	0.47368370147701777	4.13176577867692	0.2720019850437422	0.7074623847220712	0.2664458048148677	2.865317579552926	2.9578634798557157
JS102	3.4482377105601807	3.4905263285339245	1.8995666538697134	0.5026531055033265	0.0	0.7830030322780673	2.1954659602501585	3.6708667044414494	0.9657677700484995	0.8746843152357016	3.6194574389661165	3.5553311982605247	1.2050907360943148	3.3129569352104657	3.3007236131299336	3.659241504434427	3.4154830497462747	3.1911220955575827	3.4648853275205624	3.261485017908994	3.0447837412226924	3.760236396235498	3.5484831279835563	3.5259505077585467	3.9206332012627843	3.460156817733692	3.4184423398652872	3.6477127976319794	3.6455096001390657	3.408155144262417	3.606276328481532	3.5713193632763827	4.053440675561007	3.4951943095664673	3.4848417135776724	4.276065187722517	2.959218441966242	3.5065344386421815	3.3180838881800714	3.235551700915288	3.8742010039919736	3.6105792001871655	3.486458907027827	3.2439589607445596	3.834488158847413	3.830595349876337	4.192958601538246	3.7340652248597084	3.376731667725988	2.749610055172059	3.2570589591859127	3.037402767738551	3.5113606517559384	3.8927035029490313	3.583326022366298	3.688894595337573	3.8082469887104002	3.7323049988124497	2.9236219309880727	2.871636800700327	3.6435318304287954	3.246520443716575	2.71745054653333	3.1918743077909095	3.231893679395045	4.072584085076447	3.3706996050971942	2.9990771763304815	2.2692410654653004	3.6934313193498935	3.0656439585265707	2.140605872206028	2.4765542884714673	2.089573317134128	2.4124582065840126	2.689874470149298	3.6454915070080047	1.64846474802183	3.2407576377458596	2.4571301050471352	1.7675680990316767	2.2827505193584274	3.139040868839071	0.6509919935666258	3.798305196067953	3.0283320262183846	2.310612153448379	3.9362254996944834	4.001353967738088	2.1806966584364638	1.7470720199594585	1.6041188219261295	2.0219571561117076	2.557083610084985	2.030772553792204	1.973020522744205	4.10666172856981	0.7390515733127221	3.4825243804822614	2.7095246703860436	2.238206791415866	2.8135973914559633	0.9100724676220253	4.072200926035219	0.6919838510742933	0.9722329639966353	0.5798846934119027	2.9098672477747667	2.8707940325395946
JS103	2.670730780599726	2.7232039307280953	1.3145464061934053	0.6330672641319306	0.7830030322780673	0.0	1.4943868753194998	2.940179319124501	0.720679514667648	1.0193366058275473	2.8510065113404854	2.836350170787158	0.42369761501201425	2.551486442033782	2.523558727529864	2.900284116102034	2.6427994447276113	2.428173331695608	2.6974744158557016	2.5384332152443974	2.2700884580877854	2.979342722603692	2.7761362171681596	2.7835390853925226	3.1394865791593762	2.6772053908428046	2.6477462076598965	2.87255724399522	2.916159876514926	2.6410846449190326	2.8454211269039136	2.7911645399668643	3.27474281383109	2.741840312075137	2.7022050055374613	3.6390869104038117	2.215792084953881	2.7783053212795266	2.5661859260178663	2.463232400814215	3.170621057708844	2.855377943712831	2.759902266507194	2.47335064491097	3.130946137360399	3.1461240987238153	3.4924161271801535	3.012233801285982	2.5947943239941083	1.9690032215304893	2.4791778725523073	2.260412895422682	2.7363236855767354	3.255412212750547	2.8250158951882205	3.029151041636119	3.101698144609641	3.132088178380549	2.1921820986095626	2.1756756856043604	2.95666620637468	2.4911459911673868	2.100448850873456	2.6483724153426675	2.8096499620092943	3.351609430407212	2.7721581623590343	2.3231854146176456	1.6182009388869065	3.177667655343867	2.5120783731504766	1.6056930037874029	1.7287683367676232	1.3642030424364036	1.6931059051627804	2.0345270674492735	2.88076282410389	1.1673875599705599	2.741682483649734	2.0799199481419586	1.5010793651142744	2.0380135643671573	2.5166825075177783	0.37766135190356787	3.3776742343498745	2.622641923583281	1.8854915561390293	3.2334261174124435	3.533703964556859	1.6965534283002366	0.979646198085787	1.1539989235989094	1.247104441338919	2.013950246634224	1.2721609008955623	1.3784871046531322	3.5543766713342446	0.1067685862469324	2.712777188004206	2.206756767161278	1.6265126899631148	2.1931649052221904	0.5035969496482335	3.5282912050658863	0.5062544896573439	0.23765674699343234	0.383885147263735	2.2363358556505313	2.36060159555137
JS104	1.7128188258251296	1.9436403394658408	0.5410626179650986	2.121947882814246	2.1954659602501585	1.4943868753194998	0.0	2.437477027986408	2.044886272561456	2.4279527540842465	2.0257658688857294	2.4190188180675345	1.14802041137916	1.2387964543257026	1.5776199994400633	1.5279478176621581	1.4302018695178227	1.1405971001974347	1.384892818893567	1.0689593739064636	1.0753587272130456	1.977330126274758	1.5002198655834487	1.3530564621619556	2.1135844932291876	1.619905394748958	1.7092766167562905	1.9952059263464412	1.4597829016212742	1.3303530352341213	1.4876856434714048	1.609735461937241	2.0427161768495856	2.1222267586367907	1.615430879293302	3.4676805840169105	0.821031383391309	1.3175651781377624	1.9955292402486895	1.2267802032822541	1.6903762690430315	1.4673804826563546	1.2954837935584067	1.6935434754428753	1.648731597330187	1.6666678153627357	2.0087199348236293	1.5609285828480133	1.4833982630893303	0.9384457279531414	1.4320218704082932	1.1034633869377815	1.5465110700973825	1.786952664905944	2.1095997675690765	1.5427953180589415	1.6666254180586095	1.7479838727305845	0.8632198004203728	0.7054527500552477	1.4760196179515024	1.1686873281596808	0.7159782629745516	1.3438061620331336	1.7778229891252242	1.8775463524771072	1.4251903729185624	0.865651345433046	0.2832939185363704	1.8706716921302207	1.1938040886469055	0.6806066241063048	0.4082129186480013	0.2973231767942025	0.2810468292308495	0.5732755303617372	1.5650126870830974	1.018460448205387	1.5652998795085675	1.3652054746205553	1.3038353095714386	1.5825502825088873	1.0797566734611521	1.7522166804989234	2.2663008156753004	1.6786384903829341	1.1688669590570848	1.7440249076643508	2.310058058909726	0.8935296016529856	0.6721640747643237	0.9737912245798668	0.9890588619381556	0.9215718492736978	0.845613132147329	0.7352534091918883	2.2005369337558447	1.5517097675819655	1.5011548913512902	1.1414080806504925	0.5002329502383049	0.8050507589319396	1.8316627607216063	2.1845638735941333	1.953833324179157	1.4455874489257738	1.8613927294328172	0.7480265014789514	1.1833412144197697
JS105	1.0089799162535333	0.6534272861322126	2.9082746880232535	3.2817980243133587	3.6708667044414494	2.940179319124501	2.437477027986408	0.0	2.859764803029138	3.2890898707763827	0.702708728000907	0.5027783794931294	2.5656462923589776	1.7961019026652383	1.0588514767998602	1.9650448080976892	1.5456913872492752	1.7574452634079125	1.7863880262730265	2.3067427374278466	1.6258784095801344	1.017333821832068	1.6958530619107142	2.1627368722957008	1.0814201202995581	1.203619860928875	1.057831177326321	0.76590600232359	2.362329177354624	1.760537182609797	1.9354399089684926	1.4399418087371927	1.6236761086950875	0.34725410801990453	1.2643614726728736	1.1739571235577173	2.040910518903586	2.324724161899593	0.5471722366744821	1.6137928227074	2.7159972112938258	2.020469349385738	2.324310851071718	0.8157053479638733	2.697194809815537	2.8630847458422437	2.9069461970296246	2.4774161127105105	1.3373443287009745	1.5460211279971354	1.3776920595087891	1.5683893769158435	1.5755259167436482	3.245095209129433	0.5187218680968047	2.978325746155068	2.649609289801495	3.3955311284068017	2.1716494181307744	2.4697021635213114	2.758968441342641	1.9412000213979488	2.894427143528912	3.4272780492439603	3.973660527235746	2.627661537685875	3.2212237913088604	2.629098108100156	2.6747062227406055	3.828889252485763	3.3113825064434406	3.0570148094923066	2.0756658663285883	2.3409205697085524	2.3106742250817596	2.6790516837777707	1.8016911483701052	3.1202792011991476	3.6549181784284364	3.7082965256697986	3.677324269874322	4.003885077374957	2.9918527716706262	3.1376630062175965	4.342452551876894	3.9148207713738574	3.4881243258834895	2.739999675992483	4.267254378705994	3.2675075354911463	2.2575966641440495	3.2133189339425714	1.8072221174662326	3.170110265354039	2.019142460382249	2.842745286885116	3.8988772706746317	2.9710014708186274	1.5652838790685313	3.38663301775635	2.835957577112079	2.90450954852657	2.8083540943256646	3.9237569413152262	3.034245075068092	2.7252692443596565	3.1188452852737587	2.614119933905739	3.431147408346639
JS106	2.830867031406982	2.7922579429323227	1.9806007202505018	0.5141108031763743	0.9657677700484995	0.720679514667648	2.044886272561456	2.859764803029138	0.0	0.5031191184958939	2.928248432581297	2.7538642161922846	0.9061544046433541	2.9048539297187363	2.6935001446736933	3.275410811730331	2.933522199611598	2.7772403541322848	3.0532669100823733	3.0116593815916124	2.6047596645513504	3.1388548100820235	3.1069976393315986	3.209013648985781	3.2994199530400397	2.8989975161790977	2.7991751197819124	2.9779497956195495	3.3723419863069526	2.9905226935568248	3.222400834915099	3.062314836449783	3.541072884551059	2.7399935069953134	2.9378462243836387	3.3659495454925823	2.6433464698113394	3.2381282964837936	2.5767988224718583	2.783719370384264	3.66770486303004	3.2477769388661963	3.217711962690779	2.5718387971973304	3.6283596759843744	3.6716856582539767	3.9880468987876303	3.4824970406864484	2.8515999276643713	2.270282213867799	2.7406322924611577	2.57980429685419	3.040167074224171	3.8297003383253716	2.8512525942755387	3.5809660583261596	3.5932851823618144	3.741274142382062	2.657685799499032	2.710021748213252	3.4825239415616833	2.8929817703505445	2.715996071340386	3.2996247294510823	3.5064911250974333	3.8098918981237433	3.3866310843374894	2.878860901131425	2.2231267325610236	3.8323966376280034	3.152358509950568	2.2477751937413166	2.1783290560429114	1.8927797114607356	2.2125258706204183	2.610873091690092	3.214788000563555	1.8410092687636768	3.4135450443389534	2.7885272987495306	2.2185979297541953	2.758176157164654	3.115295419464836	0.7540269336828458	4.072098445674257	3.3223856955726583	2.584378351264616	3.723747926037291	4.212366689000921	2.3903723386160705	1.4395396246516434	1.862664491400664	1.481709789323127	2.675986180122867	1.6290692159118825	2.007772028858752	4.192100661956591	0.6751108735338027	2.997271585164946	2.8834961031205273	2.2632024843070706	2.8057602504101946	0.2898843856187184	4.171237239677622	0.2987890676128611	0.6540255186366672	0.5370143232760594	2.7892880263705817	3.034202861879991
JS107	3.268585130342181	3.2287939126829204	2.316105362432705	0.5864017499064682	0.8746843152357016	1.0193366058275473	2.4279527540842465	3.2890898707763827	0.5031191184958939	0.0	3.36103952280949	3.2108785607153725	1.301202128970725	3.3262052485734097	3.1298871782945055	3.7091980841030585	3.3626738434457004	3.1983642036376456	3.500366372916196	3.423564753761632	3.059301441128956	3.5885464555553375	3.559453286562076	3.633240731504519	3.7485508000069343	3.360063461985022	3.220368341161842	3.4247341190839715	3.7982216378050397	3.42680294663442	3.6667368201981447	3.5143903197171826	3.9874632827225165	3.185969957525027	3.399580857488163	3.753570495943202	3.0541558295478404	3.6587682029237762	3.0415431904181607	3.218787896162546	4.08480974364316	3.6837988780257684	3.630181802790678	3.010786284461629	4.043636561883755	4.082610261650785	4.40404084323107	3.9148227587750615	3.311083902115912	2.7258043489017805	3.2167845326546503	3.0376458582576107	3.5087383380978974	4.211222038403941	3.279036585316132	3.9653373777906262	4.029701054734858	4.127362093257381	3.1043363745201025	3.1168158838665256	3.8920036982152304	3.347136008917756	3.0753634262497584	3.6321523473806154	3.8132157219170217	4.225473450162294	3.7729909756654636	3.281250853039178	2.5915512867226194	4.148990010235551	3.4745608791483362	2.5245956599485693	2.5933055962317444	2.308289810790655	2.6240407588853003	2.9765417816770543	3.640535120139604	2.174063219415096	3.7529458839694763	3.0744638817245447	2.418559927053561	2.9658457331165557	3.4780458729681105	1.0165828054836106	4.378524981756162	3.6266042321298717	2.8923691227999315	4.128366009187725	4.532399675026266	2.705215079427688	1.8730151447915864	2.156123478366666	1.9603445498677252	3.0286772844367524	2.104559329201672	2.3912692546863514	4.552890841839783	0.9408294993223736	3.4188853233052767	3.2203600582038354	2.629702672927364	3.1752891670629273	0.7360772100613269	4.5264528508242945	0.5574184727081907	1.0531541850494792	0.7710611808227061	3.169986371650368	3.3559320970417716
JS11	0.35839393216936477	0.14488533021074024	2.5450063479866634	3.3024196960438847	3.6194574389661165	2.8510065113404854	2.0257658688857294	0.702708728000907	2.928248432581297	3.36103952280949	0.0	1.0129619694176937	2.439224150469777	1.155355165401529	0.46064671406303803	1.3182700263915237	0.8871262735159368	1.1382051233007022	1.1847309022496397	1.700658780188017	1.1198781449334445	0.4154351367525581	1.0980282086720887	1.5270703107791006	0.512280528299415	0.6579808288625681	0.40519984609250603	0.19791625049718936	1.738304204779328	1.131812903455213	1.3216564935575674	0.8255969419415804	1.000847056295896	0.4604651364668679	0.7149401160684955	1.8635570722251327	1.4684868251478647	1.7015547691334518	0.6860771682502325	1.0048344236769893	2.0887632518663724	1.3893349604339817	1.6875843870368843	0.3793961605209166	2.0678412253857563	2.2462128134885364	2.2694423383877496	1.8747155962853677	0.7855119317952464	1.133716765042412	0.9578865474470872	1.0776523487073133	1.0602070829919186	2.6151725604260196	0.21002980143206662	2.344716719053389	2.0751387886899693	2.8242006544227474	1.7045492062691927	1.9453794568545812	2.148950505333017	1.4140539764782072	2.3789690496489966	2.863106279771653	3.4673084338244213	1.9708349969150658	2.6840435577477626	2.0928044248934206	2.2423507393369935	3.220301840423599	2.7412336862692044	2.6085404852889753	1.6287970609940228	1.9982678044704414	1.880226013275304	2.1526811309826424	1.1260777093413754	2.8580564638058417	3.1355458918429324	3.2921716986453173	3.3210360007007877	3.5923938641331215	2.413933461284883	3.0969011478718906	3.7929035486337255	3.438777900574548	3.0941791364814697	2.084365214224291	3.6846639253917948	2.867013593165715	2.0355194829233905	2.915233585335908	1.6761214187960312	2.7257688427037827	1.8391809292104782	2.5354708001293176	3.302313408789052	2.885097333481482	0.8868161087728232	2.923299214293896	2.427817616292673	2.386178129718477	2.8403222325761375	3.326740491820948	3.050987567932156	2.6646328942896735	3.103556177282747	2.0560526224369067	2.9157553179294116
JS110	1.2236400454276586	0.9301549543856918	2.8404492706002906	3.14631502251869	3.5553311982605247	2.836350170787158	2.4190188180675345	0.5027783794931294	2.7538642161922846	3.2108785607153725	1.0129619694176937	0.0	2.4801805595371604	1.9256159989290411	1.251633646375203	2.067936339979209	1.7056739816797843	1.879417847696313	1.8451617770702113	2.3623443387922514	1.6358086771520117	1.2075180185572212	1.7565441749644872	2.2440186241401787	1.2833700714576544	1.2756009451594263	1.3273163248446207	0.9893572399606617	2.4169074423679913	1.8580454737347207	1.9974432875856487	1.5426376663172416	1.7828818044856003	0.5654317424022365	1.3290985898070071	1.1128201390218702	2.1136102389725853	2.383813556592984	0.46122786061157495	1.7197500490981619	2.7629015202983602	2.099169631727832	2.4053766476465888	1.0151638469634923	2.7473727754749895	2.891940178965003	2.969787291515219	2.500667215798706	1.3951924558998794	1.5418968357842735	1.3241074699855873	1.5721708552379867	1.569894880400849	3.2857037085135614	0.8818269968309617	3.034568142557574	2.6348524127956083	3.361721535430022	2.10260707586226	2.456861291141458	2.784489804687762	1.9201001648271576	2.882638589866972	3.4249680590952147	3.8998478615801417	2.727127991317373	3.165032234682769	2.609558075518304	2.639288401075112	3.856683570383598	3.3359621894358553	3.0767619839321902	2.0840780718257967	2.2679111293148018	2.2738816681872893	2.697519565191062	1.9590741097263578	2.9678617246495724	3.5896387652610042	3.603586539703616	3.6073560427573015	3.928783279646021	3.011967533401551	2.9807797240419562	4.288178806791748	3.8219652096519465	3.3738638947994595	2.8289096313297897	4.242556835901572	3.1804061666293673	2.166562754275336	3.101376538990337	1.6930873988676938	3.083082627195339	1.864754698921437	2.70048923169944	3.8843364836085272	2.880059442170519	1.756089695362245	3.303467132357312	2.7621515582148364	2.8807029883959756	2.6775235413056047	3.9109858964344824	2.9194984484877753	2.6093136531485444	2.9839019436185072	2.6412951880946363	3.3971285199971706
JS111	2.249933512050297	2.3136621271582354	1.0961142883374313	1.005674275973097	1.2050907360943148	0.42369761501201425	1.14802041137916	2.5656462923589776	0.9061544046433541	1.301202128970725	2.439224150469777	2.4801805595371604	0.0	2.1378960887655483	2.102448647952293	2.491183332967129	2.2216318852897694	2.0135590848830245	2.2854876466472454	2.1569482295485782	1.8550612859627829	2.558912378865757	2.3612956976678317	2.386517224072004	2.7187320193057203	2.2568790332359487	2.2289839834068563	2.4577682865628065	2.530211713122699	2.2263983378198238	2.437873007894549	2.3698706720510865	2.8529569637371255	2.3495204832855	2.2821344106828967	3.3369513495162506	1.817674267025646	2.392758817348583	2.180619877865659	2.0439875406968135	2.8023072736214827	2.450263397477407	2.373611666678387	2.0607103977272825	2.7624468474495982	2.792295931886196	3.1240810082789428	2.6340409261021303	2.1744354529550254	1.5492461969693863	2.06821629773157	1.8443081612104952	2.32443878099432	2.9312007373950584	2.4224671639692676	2.6897571976407084	2.7372027094076454	2.8413070760520824	1.8183918566007649	1.8233939655577478	2.602258990655019	2.093412222176763	1.8100196658863694	2.39835378533073	2.645247931859251	2.9673426148525657	2.4893422490125867	1.9857201401224012	1.3169834045619166	2.934264440428468	2.254206228220221	1.3910324055158318	1.3330295709969866	1.0075831047728474	1.329562455051592	1.7115883428639527	2.4648529022292727	1.0776181080261455	2.5278774521671137	1.974422087112311	1.5002692014815606	2.0119705763756963	2.2112987709244223	0.7273531059872675	3.2008232464077198	2.476364191170098	1.760031642120803	2.8618563904015892	3.3221622514229567	1.535374171776803	0.5872219492436301	1.0798302845090437	0.8492134078767954	1.7931317382030363	0.8998286062490255	1.1635785996787276	3.2885356828700005	0.47592711776369706	2.292258634794616	2.00737014403392	1.3659324482095008	1.8999423573573506	0.6905650237444234	3.26779796121319	0.8113834520337327	0.31302657514136123	0.7577084146673333	1.8958290649424934	2.1439437944151813
JS12	0.801542057955435	1.1556967055216805	1.7582171689110637	3.1364184665591304	3.3129569352104657	2.551486442033782	1.2387964543257026	1.7961019026652383	2.9048539297187363	3.3262052485734097	1.155355165401529	1.9256159989290411	2.1378960887655483	0.0	0.7486116130367599	0.4227382757232559	0.2782658671261241	0.1279831066774697	0.37398220764575973	0.5701050548824863	0.4966321536565739	0.9560062274745712	0.4585980799117803	0.4599898296880015	1.0423009796916571	0.7066975654177579	0.8162826254786212	1.0960445720184417	0.7063841694043255	0.20288569385414312	0.4757336025050113	0.5301721140380127	0.8467640356695252	1.4659130774526605	0.6799157550866592	2.9528660690994366	0.43567518470762256	0.6152904805387256	1.4769107604655918	0.21649827228895463	1.0644460444247512	0.45070579158724217	0.569364351281138	1.0177824012361985	1.029484610059836	1.1918715176617627	1.3098789783700209	0.8931869265772162	0.5812381195702646	0.7299689916973205	0.7865973033636173	0.540497255886865	0.6741746288601984	1.507179752555944	1.3303513390582327	1.2178741483983397	1.1295658435324523	1.7421543020356314	0.854844766226365	0.9138317158308114	1.0651230124415494	0.5854940297151432	1.3304961560651969	1.7368285996408608	2.3896414610366246	1.0259399155405302	1.6151231034702378	1.0307407219900204	1.3623462755880635	2.067856764483548	1.6165254991124958	1.7152341858692963	0.8675032480267295	1.3350108641824723	1.059546534538269	1.1141035368436671	0.33592234229617507	2.191830554352123	2.0543248260466713	2.3368637554998157	2.4916716395645846	2.6477235078728527	1.282947464507008	2.823336839826592	2.678137548641731	2.3959078472768285	2.182451829951905	1.0465272284011233	2.5552719932576027	1.967615593382198	1.6145739727615096	2.19629874257726	1.5254449220692985	1.7576278255858604	1.5204655137114171	1.822863121226972	2.1991421038890864	2.598087690423533	0.32572667565905733	1.9152822088405397	1.5555249510946718	1.3285295655727025	2.744029340347839	2.215687535423483	2.916508297339378	2.4322983943644747	2.8910796108771453	0.9641764907256464	1.8407578656027392
JS13	0.15124690953242084	0.42178595283770737	2.1042498265298013	3.024419491448189	3.3007236131299336	2.523558727529864	1.5776199994400633	1.0588514767998602	2.6935001446736933	3.1298871782945055	0.46064671406303803	1.251633646375203	2.102448647952293	0.7486116130367599	0.0	1.0006481141637478	0.5158206046729532	0.7059593805946633	0.8372790205355686	1.2832400700633515	0.7023013328033517	0.5012522876740895	0.7906912038598427	1.1596289851055088	0.6526311536240715	0.42515318430201005	0.20594979211263303	0.4560759523866994	1.386344266096872	0.7560580113233376	1.0006237876159083	0.5626220904736399	0.920663482733127	0.7404639734859523	0.4786070404149817	2.2258794927176826	1.015870504940015	1.3235698809596055	0.8135366307157843	0.581317734607405	1.7520763624407907	1.0556512684821486	1.3028722315522927	0.2825095308580571	1.7249513402925396	1.8920223535635234	1.9720719980082317	1.5377640887781008	0.470124635537219	0.7141135242452596	0.6769136667139191	0.6668226378519809	0.7952157832501046	2.240578339172149	0.5985154086695782	1.9582792011679193	1.7463224119903735	2.4332580255654084	1.2915145047599141	1.5004886300990228	1.7731297295619584	1.034566649675408	1.9233924516592733	2.421107224972476	3.026277646740356	1.6789726266089093	2.2712745958787672	1.656453134197811	1.7889152024012773	2.7975702781134326	2.2929134031271725	2.155323525474432	1.176777177195956	1.571079966151335	1.431743100558974	1.6940111436596779	0.82018075631794	2.4475047184523833	2.7012860623668984	2.843797676395904	2.8780328558164228	3.13787277154542	1.9747761548063858	2.7827741142645355	3.3667719585910936	2.9955420989084733	2.650151400741225	1.7526881040419204	3.2713141170501947	2.4184825467570468	1.6568341838297513	2.4903511386102806	1.3613857814491475	2.279566845280495	1.4902832794339296	2.11691442667104	2.9171899232156777	2.5619376748876372	0.5464598980914016	2.4766863990307595	1.980500339630126	1.935963240214799	2.5783430822242	2.9362966068511693	2.7795063287675092	2.3542746149439013	2.807602933478698	1.6055006476342217	2.463393512986705
JS14	0.9978496077846368	1.347279746531291	2.0069268872461787	3.488419995718305	3.659241504434427	2.900284116102034	1.5279478176621581	1.9650448080976892	3.275410811730331	3.7091980841030585	1.3182700263915237	2.067936339979209	2.491183332967129	0.4227382757232559	1.0006481141637478	0.0	0.5135365396346252	0.5403335859437407	0.2843225862867501	0.5886490527354047	0.716386093931512	1.0007152703281041	0.33321522884364424	0.2732312536563725	1.0328480956077808	0.7933294957122605	1.061053001127083	1.2136842560228294	0.4398647302883022	0.2993426270528471	0.17186353591532263	0.532317652678341	0.6393940216944701	1.640764633556158	0.7389306502704941	3.0904042786620005	0.731091938912777	0.44633400256594447	1.6523411117131868	0.531031118515366	0.7738136305524212	0.11476625257745987	0.4528414299990271	1.2708718670468608	0.7523692771014565	0.9390452809778714	0.9715748214111427	0.5950379131971485	0.688008203075711	1.0370417936842842	0.8681422961550683	0.7596446789524987	0.5946577015065158	1.3119048483367013	1.5165286028906304	1.0640436143490801	0.8331034452612227	1.5735050894094915	0.9333296588159204	1.0247216047340568	0.8658343481750651	0.5689762586938621	1.4546967163936488	1.740618217252043	2.3779287681228793	0.6865903673210878	1.5215931653113204	1.070890222395502	1.5935009549220926	1.9994587686259706	1.671736776005775	1.9782717342164648	1.1860923450599163	1.6128656882271457	1.3091607304586717	1.2930584121272701	0.26167197248098817	2.4164361449677734	2.0219081370382446	2.4461598257820807	2.721577554626998	2.805830440246571	1.3035312230767315	3.1503355242202256	2.593807382501391	2.4126886197218953	2.3113554799058655	0.7750819929115091	2.434470885986104	2.1371212910253496	1.9388780408124509	2.4390943525652324	1.8507702702087017	1.857353970454276	1.8004302204957712	2.0240075290941797	2.012366634473242	2.9546195622611884	0.5394366483081179	1.9827703688249245	1.7483379578584752	1.4147452221761967	3.0996461052193225	2.041143601066353	3.278403455109275	2.7810644164818688	3.2371836107395056	1.0884155254590202	1.9022620958540695
JS15	0.5406600314324447	0.9002891666392681	1.960462592637565	3.202909101463986	3.4154830497462747	2.6427994447276113	1.4302018695178227	1.5456913872492752	2.933522199611598	3.3626738434457004	0.8871262735159368	1.7056739816797843	2.2216318852897694	0.2782658671261241	0.5158206046729532	0.5135365396346252	0.0	0.3114258699694556	0.4290726019442416	0.8350396000468927	0.5369348089370414	0.6879379130994643	0.427982092698286	0.6665369573205056	0.7784612497017228	0.49758919892109754	0.5683854947492575	0.8285634864736471	0.9014266414699404	0.2922386654617515	0.5579124447302283	0.3407623930492264	0.679522702700432	1.2236728496386386	0.48242792666248696	2.705995215060733	0.6774968728128056	0.841349216684148	1.2673522266603952	0.22450303109061046	1.2597233770019565	0.5779937468180419	0.8102917215954684	0.7962865855415486	1.230887882120628	1.4060582806276054	1.4755564762607476	1.0719168178378506	0.4159297963048028	0.7452687018645542	0.6927809503534151	0.551375237873137	0.6027111197296973	1.7465436346719987	1.0706819549814128	1.466429071423665	1.3028779195199267	1.984684881386643	1.0311202658155039	1.1627560104684278	1.2963189431892883	0.7141308038580896	1.5927870143577942	2.01189606306243	2.654909852251164	1.1758128244530819	1.8643319850964948	1.2857912598711643	1.5825905281623833	2.3393319825862915	1.8941225185765331	1.944251324639281	1.0341500735878983	1.491793066602708	1.2530996753129005	1.3736300952416003	0.325531154101646	2.3671158039952163	2.3168845590274345	2.5821320178703298	2.712744573605702	2.8950462158259676	1.5582895722941281	2.9118373861971354	2.9439823878672122	2.65564617399933	2.416651917178497	1.2421286559471532	2.8181538695358386	2.1992154860520583	1.7140623222713645	2.3867504241543736	1.5464909217717444	2.0005717137666745	1.5843612639465903	2.0026584770763214	2.4444517052485053	2.687025620655094	0.11533869241121239	2.1678517820895746	1.7752508817907569	1.5907204571975622	2.7880455716585826	2.4648759342795468	2.9725212348432164	2.504630198800873	2.965800182580258	1.2342048482174413	2.109471906709303
JS16	0.7812263118226177	1.1238327359839544	1.6678804864078964	3.011060505678693	3.1911220955575827	2.428173331695608	1.1405971001974347	1.7574452634079125	2.7772403541322848	3.1983642036376456	1.1382051233007022	1.879417847696313	2.0135590848830245	0.1279831066774697	0.7059593805946633	0.5403335859437407	0.3114258699694556	0.0	0.44196387018914834	0.6000161575476942	0.4314651034551561	0.9765994883901675	0.5268686725905571	0.5524007122875663	1.0788958993480968	0.7053854493787027	0.7884820378988693	1.088192223897047	0.7938474771782033	0.28481199534448326	0.5703583907498337	0.5749969902869025	0.9407328382613425	1.425183388964817	0.687459705951484	2.9126670038227442	0.36847614578509186	0.6890365726770872	1.4243075903368057	0.18031673958978217	1.1531802591256795	0.5558818544421184	0.6439985688409948	0.9617170099991389	1.1165199245126494	1.2679022842056529	1.4123973635083666	0.9760164449362799	0.5757133820785162	0.6217466169775515	0.7600827729114393	0.4734322954448825	0.7047813167316234	1.572226076253572	1.3004296193273317	1.2783730267590567	1.2035601720944298	1.7834488424760024	0.8172166431742731	0.8806842732056378	1.128592375346473	0.5933414612118432	1.292360741314217	1.737276636238773	2.380226188281348	1.1381489225520431	1.6314936379414284	1.0179357904607615	1.2823071988034669	2.0947489633173735	1.6081988236206184	1.6370980089446154	0.7596687553956329	1.2309570889207246	0.9702863849514843	1.0659803480200511	0.4556542733380976	2.098559945781228	2.0521473847297296	2.2861548478972624	2.409537795008479	2.5874682037016368	1.2857135284799575	2.701967729853804	2.6931597589223295	2.374868456460344	2.1238856752604662	1.1435101731466648	2.585818026245175	1.9003638928143942	1.495154864501774	2.102826414202025	1.4048413703664955	1.7115993506801983	1.4085432977434587	1.7366023453363475	2.2494380242838456	2.474044345869678	0.3730195514907056	1.880147121062233	1.481635123206674	1.2996284408115564	2.6176395624071898	2.263089752439151	2.789946587439311	2.3076031373789974	2.766719721028681	0.9388699361602997	1.817001446129979
JS17	0.8533153820984951	1.1882372248859847	1.8699680514585133	3.2717820186826305	3.4648853275205624	2.6974744158557016	1.384892818893567	1.7863880262730265	3.0532669100823733	3.500366372916196	1.1847309022496397	1.8451617770702113	2.2854876466472454	0.37398220764575973	0.8372790205355686	0.2843225862867501	0.4290726019442416	0.44196387018914834	0.0	0.6105883474493787	0.45648659937333175	0.8860561458768988	0.13900003136176145	0.40509227711474693	0.9523666295484732	0.588057598779145	0.946089624925724	1.0668277973652445	0.5793875345316531	0.17603023405304608	0.18856213897394716	0.38211884068151986	0.6943005907769437	1.4496639276148433	0.5335919548039232	2.8995314300643313	0.6395639232671769	0.5502753772606759	1.4238448928688359	0.3618094980164037	0.9409209388914322	0.26765488824417943	0.5790023624759928	1.0861150721307968	0.9186998343426329	1.0786772731774041	1.177492746038762	0.7055174489778678	0.4572703980733863	0.7916907790677327	0.5944139573038922	0.493896937179182	0.3606329190784218	1.4614414852116255	1.368875561393002	1.207646181993378	0.9097322787815109	1.6437401860122183	0.752632093944273	0.9447142326347628	0.9754595814668698	0.35877494996072423	1.4113317011916262	1.7790691268579448	2.378566967336658	0.9302727608673127	1.5343418537238946	1.0254997068146845	1.4743247691635752	2.103559688086157	1.710420126866351	1.9091714959294845	1.0202233006695556	1.4259842807809961	1.150419066988256	1.2446200996771375	0.3810037790798542	2.241672416326013	2.0263920310400496	2.3682940667961105	2.617809850566518	2.7381065927013704	1.339258120375272	2.9336705631898434	2.6464999995421046	2.3857144690469965	2.21094495602749	0.9914897893068162	2.522586656953414	2.0325112948697805	1.7262145455758569	2.2870055539202654	1.6042834062952802	1.7728893983006377	1.553173965273199	1.848908705966958	2.1239163820371303	2.7555205684575257	0.5109424016389853	1.9241348414432822	1.6224053007375832	1.3743734270759032	2.873787256550337	2.150724404848934	3.062389268225029	2.5656225799900394	3.021841954647913	1.0664216696690123	1.8894761611945445
